Las ICIR han sido encontradas en las siguientes posiciones de (Delta, asc):

- Ix4993Iy4993Iz50:   (0.708822, 1341.88)

- Ix5505Iy4993Iz50:   (0.708890, 1356.13), (0.708483, 1275.48)

- Ix6042Iy4993Iz50:    (0.7090032, 1380.43), (0.7083468, 1250.59)

- Ix6604Iy4993Iz50:    (0.7090948, 1400.77), (0.7081064, 1209.07)

- Ix7190Iy4993Iz50:    (0.7091583, 1415.24), (0.707891, 1174.29)

- Ix7802Iy4993Iz50:    (0.7092404, 1434.41), (0.707666, 1139.95)

